[0m
                  [38;2;140;69;11m,[38;2;140;74;9m:[38;2;156;88;8mi[38;2;180;101;4ml[38;2;194;113;5mt[38;2;200;126;15mt[38;2;195;119;15mt[38;2;178;97;8ml[38;2;152;76;11m;[38;2;140;67;13m:[38;2;140;72;17m,[38;2;140;72;22m.[0m
              [38;2;140;66;17m,[38;2;145;80;18mi[38;2;205;115;16mt[38;2;244;141;8mL[38;2;255;161;4mC[38;2;255;170;0mC[38;2;255;171;0mC[38;2;255;191;23mG[38;2;255;188;37mG[38;2;248;149;18mL[38;2;236;133;16mf[38;2;235;151;36mL[38;2;241;154;15mL[38;2;243;144;0mL[38;2;239;133;0mf[38;2;227;118;0mt[38;2;216;116;6mt[38;2;185;107;22ml[38;2;140;77;20m:[0m
           [38;2;140;75;19m:[38;2;180;86;13mi[38;2;206;107;22mt[38;2;242;140;23mL[38;2;255;150;8mL[38;2;255;163;0mC[38;2;255;170;2mC[38;2;253;173;6mC[38;2;251;181;19mG[38;2;250;209;73mm[38;2;242;172;53mC[38;2;235;133;12mf[38;2;239;172;44mC[38;2;248;218;102mw[38;2;250;201;86mm[38;2;245;175;44mG[38;2;243;187;79mG[38;2;244;199;94mm[38;2;248;198;74mm[38;2;254;188;44mG[38;2;255;173;8mC[38;2;255;165;14mC[38;2;224;131;17mf[38;2;150;85;20mi[38;2;140;73;28m.[0m
         [38;2;140;70;19m:[38;2;209;108;23mt[38;2;226;100;8mt[38;2;198;92;13ml[38;2;233;133;17mf[38;2;247;144;0mL[38;2;252;164;0mC[38;2;253;170;2mC[38;2;253;175;10mC[38;2;254;184;24mG[38;2;253;212;73mw[38;2;243;160;45mC[38;2;241;153;29mL[38;2;253;218;74mw[38;2;255;211;58mm[38;2;246;163;19mC[38;2;245;186;60mG[38;2;250;235;164mW[38;2;254;255;213m@[38;2;254;255;231m@[38;2;253;255;216m@[38;2;251;231;123mW[38;2;251;189;12mG[38;2;250;171;0mC[38;2;254;162;0mC[38;2;255;154;7mC[38;2;246;147;25mL[38;2;181;109;34ml[38;2;140;62;23m.[0m
        [38;2;146;74;20m;[38;2;229;116;23mt[38;2;210;85;1ml[38;2;178;70;4m;[38;2;216;122;19mf[38;2;249;139;0mL[38;2;253;158;1mC[38;2;254;165;1mC[38;2;254;169;1mC[38;2;254;174;4mC[38;2;255;197;35mm[38;2;243;156;22mC[38;2;243;154;7mL[38;2;255;234;80mW[38;2;251;204;66mm[38;2;243;150;13mL[38;2;250;211;58mm[38;2;255;239;100mW[38;2;254;234;100mW[38;2;253;233;103mW[38;2;252;230;98mw[38;2;253;217;59mw[38;2;253;203;14mm[38;2;254;194;5mG[38;2;254;183;1mG[38;2;252;170;2mC[38;2;245;151;0mL[38;2;240;133;0mf[38;2;249;141;14mL[38;2;238;148;44mL[38;2;140;67;20m,[0m
       [38;2;143;71;18m;[38;2;228;117;26mt[38;2;192;71;0mi[38;2;194;74;0mi[38;2;182;84;9mi[38;2;248;136;4mL[38;2;251;143;0mL[38;2;255;154;0mL[38;2;255;161;0mC[38;2;255;165;0mC[38;2;255;176;0mG[38;2;251;176;17mG[38;2;241;152;14mL[38;2;255;211;28mm[38;2;253;191;9mG[38;2;241;146;5mL[38;2;252;211;38mm[38;2;255;222;40mw[38;2;254;214;35mm[38;2;254;216;40mw[38;2;253;208;23mm[38;2;253;200;4mm[38;2;254;195;0mG[38;2;254;189;0mG[38;2;254;182;0mG[38;2;254;173;0mC[38;2;253;160;0mC[38;2;249;148;0mL[38;2;243;133;0mf[38;2;230;114;0mt[38;2;230;117;7mt[38;2;241;144;42mL[38;2;140;55;14m.[0m
     [38;2;140;56;16m.[38;2;198;108;22mt[38;2;199;95;14ml[38;2;167;59;3m;[38;2;192;76;1mi[38;2;183;73;2mi[38;2;202;98;4ml[38;2;240;128;1mf[38;2;241;136;1mf[38;2;244;146;3mL[38;2;245;155;7mL[38;2;245;160;6mC[38;2;247;170;6mC[38;2;240;157;8mL[38;2;245;181;30mG[38;2;251;203;50mm[38;2;239;142;1mL[38;2;244;191;48mG[38;2;252;232;99mW[38;2;251;226;101mw[38;2;250;221;67mw[38;2;250;204;24mm[38;2;250;198;17mm[38;2;251;192;15mG[38;2;251;187;14mG[38;2;251;183;14mG[38;2;251;176;12mG[38;2;251;171;15mC[38;2;250;168;24mC[38;2;248;154;14mL[38;2;245;140;8mL[38;2;239;130;7mf[38;2;220;104;1mt[38;2;231;124;22mf[38;2;193;108;34mt[0m
   [38;2;140;82;27m.[38;2;140;85;28m;[38;2;223;126;34mf[38;2;248;139;29mL[38;2;225;116;17mt[38;2;238;124;13mf[38;2;244;127;7mf[38;2;248;132;6mf[38;2;255;141;5mL[38;2;255;151;8mL[38;2;255;165;9mC[38;2;255;177;9mG[38;2;255;192;19mG[38;2;255;205;39mm[38;2;255;217;61mw[38;2;255;229;92mw[38;2;255;234;116mW[38;2;255;231;118mW[38;2;255;219;96mw[38;2;255;222;70mw[38;2;255;218;59mw[38;2;255;222;70mw[38;2;255;210;39mm[38;2;255;196;12mm[38;2;255;193;12mG[38;2;255;186;8mG[38;2;255;182;10mG[38;2;255;184;16mG[38;2;255;182;23mG[38;2;255;210;80mm[38;2;255;182;41mG[38;2;255;150;16mL[38;2;244;133;11mf[38;2;231;119;10mf[38;2;216;105;6mt[38;2;204;94;7ml[38;2;217;118;28mt[38;2;140;53;11m.[0m
  [38;2;140;59;12m,[38;2;157;80;22mi[38;2;153;75;19m;[38;2;140;66;12m:[38;2;140;68;13m,[38;2;140;70;12m,[38;2;140;68;4m.[38;2;140;71;6m.[38;2;140;80;22m,[38;2;140;85;28m,[38;2;140;79;13m,[38;2;140;77;6m,[38;2;140;85;12m:[38;2;140;89;15m;[38;2;140;96;20mi[38;2;158;115;32ml[38;2;179;136;47mf[38;2;198;160;66mL[38;2;213;178;80mC[38;2;218;180;67mC[38;2;215;170;49mC[38;2;211;161;36mL[38;2;203;152;25mL[38;2;192;133;11mf[38;2;183;118;6mt[38;2;180;116;8mt[38;2;184;117;14mt[38;2;181;113;16mt[38;2;165;94;0mi[38;2;168;96;0ml[38;2;181;110;14ml[38;2;189;96;0ml[38;2;197;98;1ml[38;2;205;98;1ml[38;2;214;102;5ml[38;2;220;107;14mt[38;2;204;91;13ml[38;2;177;79;14mi[38;2;192;107;33mt[0m
            [38;2;94;117;140m.          [38;2;140;119;129m.[38;2;136;124;140m.[38;2;118;118;140m.[38;2;106;106;140m.  [38;2;97;110;140m.[38;2;115;124;140m:      [38;2;140;70;18m.[38;2;140;73;18m:[38;2;164;84;19mi[38;2;208;115;30mt[38;2;140;64;18m,[0m
      [38;2;140;137;134m,[38;2;140;140;140mf[38;2;175;174;174mC[38;2;178;178;178mC[38;2;166;166;166mC[38;2;140;140;138mt[38;2;140;137;132m,       [38;2;136;138;140ml[38;2;160;163;165mL[38;2;191;194;195mG[38;2;214;217;217mw[38;2;219;221;222mw[38;2;212;213;213mw[38;2;206;207;206mm[38;2;175;176;175mC[38;2;138;140;138mt[38;2;140;140;137m: [38;2;137;140;132m,        [38;2;140;42;3m,[38;2;140;65;15m:[0m
     [38;2;140;140;140m.[38;2;232;232;232mW[38;2;234;235;234mW[38;2;167;167;167mC[38;2;168;168;168mC[38;2;195;196;195mm[38;2;255;255;255m@[38;2;236;236;236mW[38;2;140;138;138m;     [38;2;180;180;179mC[38;2;255;255;255m@@[38;2;242;241;241m@[38;2;171;171;170mC[38;2;140;140;140mf[38;2;166;165;165mC[38;2;183;183;182mG[38;2;247;247;247m@[38;2;254;255;255m@[38;2;231;231;232mW[38;2;138;138;140mt[0m
     [38;2;140;140;140mt[38;2;248;248;248m@  [38;2;140;140;138mi[38;2;140;138;137ml[38;2;140;138;134mi[38;2;251;251;250m@[38;2;231;232;236mW  [38;2;109;122;140m.[38;2;107;122;140m.[38;2;121;127;140m,[38;2;255;255;255m@@[38;2;204;204;201mm   [38;2;140;140;140m:l,[38;2;224;224;223mw[38;2;255;255;255m@@[38;2;140;140;140m:[0m
     [38;2;140;140;140mi[38;2;252;252;251m@   [38;2;132;136;140mt [38;2;202;202;205mm[38;2;233;227;213mW  [38;2;140;107;45m,[38;2;140;116;65m,[38;2;140;122;58m,[38;2;213;208;196mm[38;2;249;246;254m@[38;2;160;162;176mL      [38;2;149;148;146mf[38;2;253;252;251m@[38;2;255;255;255m@[38;2;140;140;140mi[0m
      [38;2;217;216;215mw[38;2;213;215;216mw[38;2;117;127;140m:  [38;2;140;94;11m;[38;2;205;147;43mL[38;2;180;114;14mt[38;2;223;171;3mC[38;2;249;206;4mm[38;2;246;207;16mm[38;2;221;170;5mC[38;2;186;123;0mt[38;2;213;161;11mL[38;2;241;203;41mm[38;2;236;201;87mm[38;2;140;111;35mi[38;2;140;98;10m.   [38;2;117;121;140mi[38;2;235;239;251mW[38;2;255;255;255m@[38;2;217;218;217mw[0m
       [38;2;196;189;185mG[38;2;217;180;142mG[38;2;173;111;20ml[38;2;233;164;4mC[38;2;255;211;1mm[38;2;243;190;0mG[38;2;238;188;1mG[38;2;255;210;0mm[38;2;255;221;26mw[38;2;255;237;81mW[38;2;254;221;24mw[38;2;245;199;1mG[38;2;248;202;2mm[38;2;255;217;0mm[38;2;255;213;0mm[38;2;255;223;0mw[38;2;252;213;15mm[38;2;224;191;27mG[38;2;201;169;33mC[38;2;217;184;71mG[38;2;249;220;129mw[38;2;250;228;164mW[38;2;211;196;165mm[38;2;130;126;140m.[38;2;122;129;140m.[0m
      [38;2;140;66;0m,[38;2;165;88;0mi[38;2;222;144;0mL[38;2;255;191;0mG[38;2;255;204;0mm[38;2;249;202;0mm[38;2;255;209;3mm[38;2;255;211;1mm[38;2;251;208;5mm[38;2;251;224;47mw[38;2;253;222;39mw[38;2;254;212;2mm[38;2;255;215;0mmm[38;2;253;214;8mm[38;2;253;223;46mw[38;2;250;230;85mw[38;2;254;240;125mW[38;2;255;249;137m@[38;2;255;247;95mW[38;2;255;232;26mw[38;2;253;212;0mm[38;2;242;194;0mG[38;2;234;192;3mG[38;2;198;153;7mL[38;2;140;99;34m.[0m
     [38;2;140;63;3m:[38;2;201;110;2mt[38;2;236;161;3mC[38;2;250;182;3mG[38;2;248;183;1mG[38;2;251;190;0mG[38;2;255;200;0mm[38;2;255;206;0mm[38;2;255;212;0mm[38;2;255;223;14mw[38;2;255;216;14mm[38;2;252;205;0mm[38;2;254;207;0mm[38;2;253;210;4mm[38;2;254;220;31mw[38;2;254;231;72mw[38;2;255;234;84mW[38;2;255;232;69mw[38;2;255;227;48mw[38;2;251;214;17mm[38;2;241;197;1mG[38;2;229;183;5mC[38;2;222;176;11mC[38;2;235;183;10mG[38;2;255;223;20mw[38;2;255;190;8mG[0m
     [38;2;140;65;6m.[38;2;172;91;4mi[38;2;212;134;3mf[38;2;237;162;2mC[38;2;255;181;0mG[38;2;255;186;2mG[38;2;242;179;4mC[38;2;210;158;5mL[38;2;170;131;8mt[38;2;140;107;8m;[38;2;140;110;11mi[38;2;255;210;2mm[38;2;255;211;5mm[38;2;255;220;27mw[38;2;254;220;40mw[38;2;249;210;30mm[38;2;243;196;9mG[38;2;234;184;0mG[38;2;227;177;6mC[38;2;223;176;21mC[38;2;226;181;25mC[38;2;241;201;5mm[38;2;172;134;8mt[38;2;140;106;16m:[38;2;140;101;0m;[38;2;140;82;7m,     [38;2;137;140;137m:[38;2;140;140;140m.[0m
       [38;2;143;80;5m;[38;2;149;88;8mi[38;2;140;89;5m;[38;2;140;93;8m,    [38;2;140;116;46m.[38;2;236;185;9mG[38;2;236;181;5mC[38;2;222;168;7mC[38;2;222;168;2mC[38;2;224;171;5mC[38;2;229;179;12mC[38;2;238;190;16mG[38;2;246;198;12mG[38;2;251;196;0mG[38;2;247;185;0mG[38;2;250;187;7mG[38;2;150;110;26ml        [38;2;138;140;140m;[38;2;136;136;140m.[0m
                [38;2;140;105;23m:[38;2;213;161;9mL[38;2;255;193;5mG[38;2;255;201;3mm[38;2;255;198;3mm[38;2;255;184;0mG[38;2;241;169;6mC[38;2;229;166;38mC[38;2;218;170;86mC[38;2;205;173;130mC[38;2;149;133;120mf[38;2;140;133;136m.[0m
                  [38;2;140;100;14m,[38;2;140;92;9m;[38;2;140;84;7m;[38;2;140;96;49mi[38;2;140;121;109mt[38;2;136;134;140mf[38;2;124;129;140ml[38;2;118;128;140m:[0m
